1022  5754	Yes
1033	3488  Yes
1008	2552  Yes
1080	2391  Yes
1106	2355  Yes
1004	2327  Yes
1136	2079  Yes
1119	1934  Yes
1056	1538  Yes
1210	1505  Yes  DP
1069	1353  Yes
1072	1344  Yes
1085	1333  Yes
1045	1307
1208	1290  Yes
1280	1217  Yes
1016	1176
1096	1169  Yes
1076	1143
1242	958
1272	943   Yes
1205	943   Yes
1109	890
1124	817
1040	800
1218	782   Yes
1227	724   Yes
1035	719
1156	712
1320	692
1291	664
1137	653
1145	620
1128	619
1176	617
1450	614
1160	608
1077	608
1065	603
1129	575
1400	555
1182	553
1709	539
1162	539
1314	480
1329	463
1325	455
1416	448
1301	438
1500	420
1392	408
1254	397
1358	396
1421	387
1250	382
1651	377
1198	371
1641	350
1434	330
1379	323
1323	300
1099	292
1643	291
1237	276
1277	271
1742	266
1339	246
1721	229
1281	219
1580	202
1575	192
1544	190
1447	181
1630	179
1487	178
1337	175
1449	167
1569	158
1419	158
1441	157
1338	149
1315	145
1533	132
1527	124
1270	118
1361	114
1699	93
1676	82
1367	82
1505	77
1652	70
1770	69
1610	65
1557	60
1271	57
1199	52
1664	51
1623	47
1691	43
1479	24
1399	10
