100
3 1 5 15 13 11
3 0 8 23 22 21
2 1 4 29 19
1 0 8 19
1 0 7 8
2 0 10 26 18
1 0 8 21
2 0 4 8 17
1 0 6 5
1 0 7 12
3 1 6 14 15 14
1 1 1 15
2 1 6 1 11
3 0 9 23 13 23
3 0 0 14 25 15
3 0 6 6 4 4
2 0 6 14 11
2 0 7 18 16
1 0 5 11
2 1 4 8 8
2 2 5 16 23
2 1 1 0 12
3 1 8 21 21 3
1 1 4 4
2 0 4 5 27
3 0 4 9 8 8
2 0 2 3 2
1 0 6 29
3 0 10 2 8 16
1 1 10 19
1 0 7 17
2 0 3 5 28
2 2 8 11 26
2 2 2 13 10
2 0 10 30 30
1 1 6 19
3 0 10 30 19 8
3 3 6 12 2 9
2 0 4 11 28
2 0 5 16 20
1 0 3 6
2 1 3 3 4
2 2 4 22 6
1 0 7 18
2 0 7 1 9
1 0 2 30
1 1 10 13
3 3 0 17 9 23
1 0 10 27
3 0 7 29 29 29
2 0 8 13 30
1 0 4 9
1 0 7 13
2 0 6 25 15
1 0 8 15
3 1 10 20 5 4
3 0 8 5 11 10
1 0 7 18
3 1 10 26 27 25
2 2 3 26 27
2 0 2 2 3
1 1 3 14
2 1 8 21 20
2 0 2 20 6
3 0 6 3 2 24
3 0 9 11 16 30
1 1 3 28
3 2 9 3 27 7
2 2 9 10 18
1 0 2 2
1 0 10 27
3 2 10 23 18 17
3 0 10 15 16 21
1 0 2 15
2 0 8 20 25
2 0 4 30 12
1 0 6 18
3 0 10 4 21 12
1 0 9 23
3 0 8 27 5 0
1 0 9 8
1 1 5 24
1 0 0 30
2 0 1 15 16
1 0 3 11
2 0 4 14 8
1 0 10 27
2 0 0 0 0
2 2 3 22 8
2 0 5 15 11
2 0 7 3 20
2 0 4 16 4
1 0 5 12
1 0 2 17
3 2 9 25 10 1
1 0 7 29
2 0 1 0 1
2 0 1 0 0
1 0 3 29
2 1 7 18 18